10	4
       18001              alpha        74.0        89.0        66.0        96.0       325.0        81.3
       18002               beta        43.0        67.0        84.0        59.0       253.0        63.3
       18003              gamma        73.0        85.0        97.0        57.0       312.0        78.0
       18004              delta        74.0        67.0        88.0        99.0       328.0        82.0
       18005            epsilon        45.0        34.0        87.0        88.0       254.0        63.5
       18006               zeta        45.0        74.0        87.0        59.0       265.0        66.3
       18007                eta        46.0        86.0        99.0        76.0       307.0        76.8
       18008              theta        46.0        76.0        93.0        94.0       309.0        77.3
       18009               iota        23.0        75.0        45.0        33.0       176.0        44.0
       18010              kappa        43.0        76.0        99.0        89.0       307.0        76.8
